unique_id,negative,neutral,positive
89ce50166b,0,7,4
7536f87654,0,10,1
a0ba0e377b,0,21,2
d8b0e8a009,0,14,0
76c768000b,0,14,1
82e490404b,0,8,4
a1ee7083ec,0,17,3
267f8bc361,0,16,3
f867a4aaf6,0,8,0
830649e564,0,12,1
63a7cff0fe,0,13,1
911ddd0ffa,4,7,0
004798d706,0,9,3
ab414fd095,1,14,1
67db601ea7,2,6,5
b37da55f58,3,20,1
be0827668d,1,11,1
f65e8942bc,0,6,5
9bc26d5940,1,4,4
dfacf65eeb,0,4,9
8d90ffc8b1,0,7,2
d33d175d85,0,13,0
6fb460822b,0,12,1
611f7fdd2b,0,12,3
405b94a36e,0,15,6
cba16405e7,0,6,3
ef80b55280,0,10,3
655011010e,0,10,2
fce6e394d5,4,8,0
6d21bc4e94,0,13,4
7413b858b0,1,10,2
6fad2437f3,1,14,2
e84ac0bc41,1,21,3
90ce176dad,0,13,0
3445028246,1,11,1
48edb14198,0,12,4
89b2fc5018,0,14,6
ba8c40a12f,1,13,1
0ca60ef164,1,8,6
8988526078,0,9,7
513cf80062,2,16,1
f0ba677f63,0,11,3
06cc5ba548,6,11,1
6db7f88e90,0,8,2
6320d6f217,0,11,1
680c57c181,1,9,4
fbd4738189,6,15,2
0c0b6d3f87,0,11,6
0aaad8824e,0,7,3
c50f856457,0,13,4
fe6e106f7d,0,8,3
5c31041f9f,0,10,0
cb927bbe0b,1,10,4
ab737608e0,3,8,2
b33521973e,0,18,3
a519b53ece,1,11,0
3ce249b1ff,0,14,0
f3d9f1fec1,3,8,3
0139d08f32,1,10,0
edb40865bd,0,11,2
6e65cbb2a7,4,15,0
